0123456103256423016453456012426510356142306540321

0123456103256423016453456012426510356143206540231

0123456103256423016453456012426510356402316514320

0123456103256423016453456012426513056403216514203

0123456103256423016453456021426513056142036540312

0123456103256423016453456021426513056143026540213

0123456103256423016453456021426513056402136514302

0123456103256423016453456021426513056403126514203

0123456103256423016453456021456013256142036245310

0123456103256423016453456021456021356143026245130

0123456103256423016453456021456031256142036245130

0123456103256423016453456120426503156143026540213
0123456241560330542616531042164032543625105206134
0123456251463054302616205314364210540615231356042
0123456340561212540636342501563124025601344016325
0123456350462154120636041532265031413652404236105
0123456435061212453606014235560214335610242436501
0123456425160330451626502341263451014602355316024
0123456524163045301626315204160452334620152056341
0123456534062145123606234015365120420651431406532

0123456103256423046153256041456012356412306415302

0123456103256423046153256041456012356413026415230

0123456103256423046153256041456013256413206415203

0123456103256423046153256041456123056401236415302

0123456103256423046153256041456130256401236415230

0123456103256423046153256041456132056401326415203

0123456103256423046153256041461523054601236541302

0123456103256423046153256041461530254612306540123

0123456103256423046153256140456102356402316415302

0123456103256423046153256140456103256403216415203

0123456103256423046153456021426510356103426541230

0123456103256423046153456021426510356412306510342

0123456103256423046153456021456013256412036215340

0123456103256423046153456021456120356103426245130

0123456103256423046153456021456120356401326215340

0123456103256423046153456021456123056103426245103

0123456103256423046153456021461520352613406540132

0123456103256423046153456021461523052601436541302

0123456103256423046153456102426503156413206510243

0123456103256423046153456102456023156410236215340

0123456103256423046153456102456023156413206215043

0123456103256423046153456102456032156412306215043

0123456103256423046153456102456102356402316215340

0123456103256423046153456102456132056102436245031

0123456103256423046153456102456132056402316215043

0123456103256423046153456102461523052610436540321

0123456103256423046153456120461530252610436540231

0123456103256423046153456201456012356410326215340

0123456103256423046153456201456102356103426245130

0123456103256423046153456201456102356401326215340

0123456103256423046153456201461502352613406540132

0123456103256423046153456201461503252601436541320

0123456103256423046153456201461503252613406540123

0123456103256423046153456201461532052601436541032

0123456103256423046153465021425610356412306510342

0123456103256423046153465021425613056102436541302

0123456103256423046153465021425613056412036510342

0123456103256423046153465021451620356401326251340

0123456103256423046153465021451630256412306250143

0123456103256423046153465021465123052461036510342

0123456103256423046153465102451623056403216251043

0123456103256423046153465102465123052160436540321

0123456103256423046153465201451603256401236251340

0123456103256423046153465201451603256413206250143

0123456103256423046153465201451632056401326251043

0123456103256423046153465201465012352163406541032

0123456103256423046153465201465013252160436541320

0123456103256423046153465201465102352163406540132

0123456103256423046153465201465102352461306510342

0123456103256423046153546102461502352613406450231

0123456103256423046153546201461503254601236251340

0123456103256423046153546201461503254613206250143

0123456103256423046153546201461532052601436451032

0123456103256423046153546201465013252610436415320

0123456103256423046153546201465103252601436415320

0123456103256423046153645201451632052610436450132
0123456265134050461324230615146520363045213512064
0123456635124050461234210365243560116045323562014

0123456103256423106453456012426530156412306504123

0123456103256423106453456012456123056041236245301

0123456103256423106453456012460532152641306541203

0123456103256423106453456102460523152643106541023

0123456103256423106453465021425613056042136541302

0123456103256423146053256041456012356412306405312

0123456103256423146053256041456013256413206405213

0123456103256423146053256041456021356413206405132

0123456103256423146053256041456123056403126405123

0123456103256423146053256041456132056401326405213

0123456103256423146053256041456132056402136405132

0123456103256423146053256041460513254602136541320

0123456103256423146053256041460513254613206540213

0123456103256423146053256140456102356403126405231

0123456103256423146053456012456012356412306205341

0123456103256423146053456012456023156413206205143

0123456103256423146053456012456032156012436245130

0123456103256423146053456012456123056401236205341

0123456103256423146053456012456132056402316205143

0123456103256423146053456012460512352603416541230

0123456103256423146053456012460512352613406540231

0123456103256423146053456012460523152613406540123

0123456103256423146053456021460521352613406540132

0123456103256423146053456210456012356013426245031

0123456103256423146053456210460513252610436540321

0123456103256423146053465012425613056012436540321

0123456103256423146053465012450623156401236251340

0123456103256423146053465012450623156413206250143

0123456103256423146053465021450613256402136251340

0123456103256423146053465021450621356401326251340

0123456103256423146053465021450631256412306250143

0123456103256423146053465021465013252463106501243

0123456103256423146053465210450613256403216251043

0123456103256423146053465210450632156401326251043

0123456103256423146053465210465013252063416541023
0123456564103230651242306541653421014526034210365

0123456103256423146053465210465103252061436540321

0123456103256423146053506142465102354602316245310

0123456103256423146053506142465123054603216245013

0123456103256423146053506241465132054601326245013

0123456103256423146053546012460512354602316251340

0123456103256423456013256140460123554603126514023

0123456103256423456013256140461023554610236504312

0123456103256423456013406125456031256142306251043

0123456103256423456013406125456123056103426254013

0123456103256423456013406125465031252610436514230

0123456103256423456013406125465123052640136510342

0123456103256423456013406215456013256143206251043

0123456103256423456013406215456132056140326250143

0123456103256423456013406215465013252610436514320

0123456103256423456013406215465013252613406514023

0123456103256423456013416025465013252613406504213

0123456103256423456013416025465021352613406504132

0123456103256423456013416025465021352641306501342

0123456103256423456013416025465123052601436504312

0123456103256423456013456012456132056102436204135

0123456103256423456013456120461023552610436504312

0123456103256423456013456210426013556140236501342

0123456103256423456013456210461032552610436504132

0123456103256423456013460215450613256143206251043

0123456103256423456013604215425613054610236510342

0123456103256423456013604215451632052601436451032

0123456103256423456103416205456032156041326251043

0123456103256423456103460125451630256042316251043

0123456103256423456103604125451620352603416451032

0123456103256424056133546102465023152613406314025

0123456103256424056133546102465123052603416314025

0123456103256424056133546120436120556140326250341
0123456460521335460215014362625013413625402431605
0123456561432012305646451032350264123461054065213

0123456103256424056133564201431602556401326251340

0123456103256424056133614025456013253462016251340

0123456103256424056313546102436021556140236251340

0123456103256424056313546210465102353601426214305

0123456103256424056313560142431620556413206254013

0123456103256424156033506142436021556413206254031

0123456103456223106453506124426530156412306452013

0123456103456223106453506124465123054620136245301

0123456103456223406153562140425630156012346415023

0123456103456223460153465201451263056013246250143

0123456120456323456013416025456213056302146051342
0123456264530134601255032614125406363015424516230
0123456234560145601236052314123604534015625614230
0123456634512045620132051364163024534165025204631

0123456123456023456013456012456012356012346012345
0123456235610464023151564230301564242305615641023
0123456250163464501231632540324601540153625364201
0123456250613464502131234560361204540653215341602
0123456254630160512341204563361204543651205430612
0123456260513445620131034265341650262503415341620
0123456250614346302151245630531206460543213461502
0123456265130440625131304265541603262351403540621
0123456235160464021351635240504631242105633564021
0123456235601464125301034265560134242651033540621
0123456250614364320151065234531460242503613641520
0123456245601336145201032645520136463451024560231
0123456254603136012451235604541236060541234360512
0123456245610336042151235640501236463405214561032
0123456245603136015241342605521436060351424560213
0123456265013434620151345260501634262345014501623
0123456256031434120651645230503164262541034306521
0123456246130535021641645230503461262105434356021
0123456264103535621401035264540631262145034350621
0123456246013565342101205643561230430465214351062
0123456250163464320151645203501634232541604360521
0123456240613565320141045263561430232605414351620
0123456254601360123451365204540163232541604630521
0123456245603160312451240563561230435641204305612
0123456245601360143251362540520163435401624635201
0123456245160356023141345260601453232601454536021
0123456260513454362101240563601234535640214351602
0123456240563156310241042563621430535601424356210
0123456265103440321651564203640531232165405340621
0123456256104334561201032564620431543156025640231
0123456264503135012641264305631254040561235430612
0123456265031454120631365240604153242361053504621
0123456234061556120341534260605134242651033406521
0123456265104354321601065234630451242163053540621
0123456234560156012341234560601234545601233456012
0123456236504150162344231560640231515406233654102
0123456240631565120434365201504163212345603650124
0123456235601460142354235160560234114605233541602
0123456235064160125344631205540631212450633564120
0123456245063136120454531260604531212645035306124
0123456256104330562144230561641230513456205604132
0123456250163436542104230561601234514650235346102
0123456260531435142604260135603254114560235341602
0123456235601460143254562130320564114305625641203
0123456240563165120434631205304651212543605360124
0123456265014350123644365201640153232460151534620
0123456235160456042134215360603254134601251546032
0123456245610360123454305261564103232645101530624
0123456256103460342154215603560234134561201340562
0123456205163416340254502163621534034605125346201
0123456245603160321454510263164530232645105301624
0123456251630464025135361240104563242301653654021
0123456236501464012355234601165234040165233540162
0123456251603464325105041263160534232641054350621
0123456240631536512405240631103256465140234365102
0123456264503130621455310264145630262345104501623
0123456241603560512435234160360251445603211345602
0123456204613516502435231604340256165143204365012
0123456230561464103255642130325604110345624561203
0123456246103560542135230641361250415463204305162
0123456246530160142355201643365201413465204530162
0123456234560160123455601234345601212345604560123
0123456204561316023455310264645103232645014536120
0123456206134514560235302164621453045306123645201
0123456264103530562145214360630254145601231435602
0123456241560336012455234160605231443605211546032
0123456260513434120655364201605134242365101540623
0123456240563136102455241360635201410645234536102
0123456264501330162455230164645230113645204501632
0123456261503434061255342601625134010345624560213
0123456261034540561235342601620153415340623465210
0123456230561446120355034261645130212605433546120
0123456235601454012636245301163254030146254560132
0123456234560145601236012345123456034560125601234
0123456230561454612306230541104236545160233654102
0123456254601330512646234501160234543156205460132
0123456235160440623156504231341506212365405640123
0123456235601454123606045231360154212346054560123
0123456264503150162436231504340261515643204350162
0123456234610550123646504231365104242356101460523
0123456260513454160236032541324160545603121354260
0123456205613414302656241503560234135146204365012
0123456205631414025636310245564103242356013564120
0123456250631434102656245130563204110546234361502
0123456265103434062156245301531264010645234530162
0123456264031535162406205134543260110645234351062
0123456245603130142656231540560231415406234365102
0123456245603130125646341205560431212356404560123
0123456240163535620146345201501436212365404650123
0123456265130434062156214530503264145601231345062
0123456250163434602156215340534206140561231634502
0123456250613434120656035241564130242506131364520
0123456265104340362156240531531260415643203405162
0123456265014340163256342501520163435640121435260
0123456345160210623456504123231506442365105640231
0123456350621414503626312540264103540356215264103
0123456356021410543624612503230164564350215246130
0123456340621516540325312640203156465403214265103
0123456345601216023454215603534126060345212560134
0123456365210410645324301265523604164153202540613
0123456365120410643254205163531604264325102540631
0123456360124515603244235160541603260425132354601
0123456365201414065326314205523164040653212540163
0123456365021414360256215340504163243625012504163
0123456345061210623456214503530126445360212645130
0123456365012414620352341560503624165143024205613
0123456346120515043622635140501263462405134356021
0123456345601212345606012345560123423456014560123
0123456364201515362406015324540163223645014250163
0123456345061212640356312540503126425463014605123
0123456364102515063426235104541263020645134350261
0123456364501212063455312604645123020345614560123
0123456346102510563425240163631250425346104605231
0123456364012510563425231604640253125140634365210
0123456365012414320652561340604523143165025204613
0123456345160216023452534160601523442605135346021
0123456365102414023652564103631524040365125240631
0123456365210414063252531640604523142105635364012
0123456356201414563202014563630124542356015640132
0123456346501215362402014365620153443526015640123
0123456364501215062342314605623154040523615460123
0123456354061216520342314560603124542653015406123
0123456364120512503645064123631254045360122405631
0123456346201510563425314260620153445306212645103
0123456364021510563245214603630154245320612465130
0123456340561216320455214360605123443605212546103
0123456360124514563205230164601453245620132345601
0123456360514214320655261304605423143165202540613
0123456350164246325105240361601523413640252456103
0123456350264146105325341260623501410643252456103
0123456360124542563105340621601253415340622465103
0123456360521442103655364120645203110365422541603
0123456361520440361255204361645103213625402540613
0123456361204540561325340261623150415643202405613
0123456364501240123655260143635420114365202501634
0123456364520140163255201643635401214325602560134
0123456354601240123656235140560423114506232361504
0123456351604240321656245301560123413546202460513
0123456365021440163256234501540163215620432345160
0123456365024142160356341520503261415643022405163
0123456365021442165306304125543260110653422541063
0123456360124545360126245301501263413645202450163
0123456356120440563122304561641203512356405640123
0123456351062446521302304561643120510653425246013
0123456305162446320152504361641523013605425246103
0123456365204140163252541603630521412345605460132
0123456365201440163252534160640523112605435341602
0123456360524145160322341605603251412543605460123
0123456365102442063156534201241563010625435340162
0123456365102440365126214305540263123651401540263
0123456305614242103656342501560123425346101465023
0123456350162446503121234560641203520651435346201
0123456306512445360121204365641253023506415641203
0123456365014242360151542360601523423645015401623
0123456354601242513606032541160423524156035360124
0123456305614246023151540623231506462345015461230
0123456365104240623151240563531620465341202405631
0123456360214545603121345260521603460345212451603
0123456356024142310651645320501263463541022406513
0123456356021440513622634501140263562150435346120
0123456361204545613202045163530621462345011450632
0123456365102440623152314560540623165301421245603
0123456350614246120352345601503126462543101460523
0123456306521442310655604321145263063105422546103
0123456301624546503125241603130256465341202465031
0123456361504250623144231560140623565401232354601
0123456364520152061346314520103264545603122451063
0123456361520454063126231540104263545601232354061
0123456361204554063126531204125463040651232340561
0123456305621454310626205341164253043106252564103
0123456361502454623102041563130624565341024250631
0123456345620156041322315640103256462403154561023
0123456345601256012342345601123456060123454560123
0123456341602556023142541603135426060351424260531
0123456345602150341626215340160253423406154561203
0123456340561252610346342501103426525163404650123
0123456365102452643104015263230654164321051540632
0123456305614256120344305621243156062403151564203
0123456360124554360126512304205463143651201240563
0123456364520150613421302564241603565341204250613
0123456306521454103621642503230164565341204256031
0123456345601256123401045623230156462341054560231
0123456360521454160326342501203164515643204250163
0123456341620550341626502341265103413456204260513
0123456345601250123646345120260453112306454561203
0123456306512454063121240563631204525346014651230
0123456304562156013421230564641203525641034356210
0123456346510252063141342560601423525306414651023
0123456345062156310421245360601253423641054506213
0123456364501252163401032564640123525641034350621
0123456365102454063121245603631254020341654560231
0123456340261556103421534260625103440651232346501
0123456364501250123641264503630124545361202450631
0123456365021454163201205643634150240321652564031
0123456365204154013621365204621453040361252540613
0123456346201550163242540163635420112356404601532
0123456340562156120342341560603421515603424256103
0123456345160256302142045361621453013620454506123
0123456365021454160322345160603254112643054501623
0123456364510250162342304561623104545623101450623
0123456360512454123602360541604123545360121254603
0123456365104254362102015364620453143621051540623
0123456365120454063122315640604253142301651564023
0123456346520150163424201563634201515346202650134
0123456340561256123404230561604123515640232356104
0123456305261456140324305261623154014603252546103
0123456365021450143624265103630254114360252541630
0123456345601262013454532601164523020145635360124
0123456351602460543124261503130264524351605640231
0123456346201560512345340621163450225163404205163
0123456341602560543125231640160253425401634365201
0123456340561262310455642301105623423145604560123
0123456345601260312452564301120563443125605640123
0123456345602160321452514360160523443605125241603
0123456350261464513202630541104623542150635364102
0123456351604264523102031564160423542651035340621
0123456351062464523102601543134620540351625264031
0123456350621464510322364501103264542153605640123
0123456346021560513425234601160253445160232345160
0123456304621562510345304621163254045103622465103
0123456350621464315205260341104563243120652654103
0123456345601260123454560123234560112345605601234
0123456340561265123404630125204653112540635361204
0123456351604260521344360521243160512453605604213
0123456351620460541324302561263104514653205240613
0123456340162562543105630241201653415420634365102
0123456350621464105325342160263504110643254251603
0123456346510260123455304621265103442365101540263
0123456304162562503145614203230654145321601465032
0123456301624564510325302164263451045603211245603
0123456306124564503125312604260453145361201245063
0123456350614264523101360524201463542350615641203
0123456354160260523141604523231604542351605460231
0123456346501265123401034625260153442561035340261
0123456354260160312451605324541603223541604260513
0123456340612565340121265340501263423405614651203
0123456345610262305141042365561423023650414501623
0123456345160262043151632540501623425401634365021
0123456345620160315421204365561203443651202540613
0123456345620162013451364520501263445301622645013
0123456345601260123451234560560123445601232345601
0123456350621464103251235640564103240521632364501
0123456356104264023151235604561423040561232340561
0123456350624164310251265304501463243521602640513
0123456305614264320151205364561423043605212541603
0123456305621464103251264503530164245321602645031
0123456305624164013251230564561403245621032345610
0123456351602464021352345601563124010543624260513
0123456354061260123452635104540623112540634361520
0123456304621565103422365104540263112345604651023
0123456305261464103252645103530624112345604561032
0123456346102565023142345601561423010365424250163
0123456341602565321402045361560123413645024250613
0123456346201565143202035641560123412465034350162
0123456345062160123452641503530621415340624265130
0123456345160260342152605341521603413425604560123
0123456345601260142352360541523160415423604605123
0123456345620160145322301645563201412453604560123
0123456345601260123452345601560123412345604560123
0123456345601260125342340165563420112653404501623
0123456356210464103252035641564123042560131304562
0123456350162464320152615340504623143501621264503
0123456351604264012352365104523461040523611640523
0123456305612464120352304561563124045603121245603
0123456345620162103454061523534261015340622605134
0123456340621565103424235160564203110645232351604
0123456350621462140354365120503264114503622641503
0123456301624565301244265301540163213425602654013
0123456341602565013424265103534261020345611650234
0123456345610262103454032561564123025640131305624
0123456356210460142354305621563104224563101240563
0123456305164262305144612305540623123451601564023
0123456465103210362452540163621530434625105304621
0123456450261316543202310564604123532650415436102
0123456460132515620432345160501623464305123254601
0123456430621516543205210634304156265320412465103
0123456436021514560235214360603154235426012605134
0123456456130212065435342160601523424306153654021
0123456456012312345605601234234560160123453456012
0123456465102310365426240135531260424653103504261
0123456435601214025636214305563124030456212560134
0123456465120312063456345120501263434605122534061
0123456406123534560125204361631254015406232635104
0123456456203130165425341260620531414306252654103
0123456461230534501625064231623154015460232305614
0123456461503234021655264301635124010465232530614
0123456460523132160455341620605231414305622564103
0123456460521334160255234601605134213425602560134
0123456450621332140656035124564230113506422461530
0123456451063230621456245301530126414560232634510
0123456460231535160426045231523160414605232354160
0123456465023130165426241305530261414650232534160
0123456401263535601426345201520136414365202654013
0123456405623132140656301524564231015306422465103
0123456405621334105626234105560234113456202561034
0123456405631234120656204531563124015406232365104
0123456405263136140252501364634521012605435436102
0123456465031234120652564130603524112465035301624
0123456465103234062152534601621534010425635360124
0123456451603234521606034521260134512456035360214
0123456465032132160456541230203561414625035304162
0123456460513232160455042361635120424605131534620
0123456460132534560125214630603254125401631365204
0123456456012334560121234560601234523456015601234
0123456465103232041651562304634521020165435430621
0123456465130232061451542630603521424105635364021
0123456465210334062151534620601534223405615261034
0123456450632134501626214530163204520456135361204
0123456460523135610421042365231650464501235234610
0123456450621336140251235604504136263521402460531
0123456450631236120451245630503126464501232364501
0123456465203130615421340265521630464351202504613
0123456465023134610251234560501634265421032305614
0123456465210334605121034265521634063450212501634
0123456465103230621451245360530621464105232534601
0123456405631236012452540631123506464125035364120
0123456465103234625102014365530624162451031530624
0123456465103230642152310564524630165321401405623
0123456405613236102452345601520136464325101564023
0123456460523134601255214360135604260425132531604
0123456406513234120655604321235164062405131536204
0123456435620156013421245630301256464301252564013
0123456460513254620131234560301624565403212351604
0123456460123552361401540623605231434150622364501
0123456460523154310621264503601234535461202350614
0123456465201350163421345260620153434601252534601
0123456465032152610431345260201653464321053504612
0123456460531252140631362504604123525361403450621
0123456465102350361421245630630251424103653564201
0123456430612556123402540631305126464350121264503
0123456406513254102632634501320164565423101356024
0123456460123554360122514603605234132451601360524
0123456461530250642132301564124603565321403450621
0123456436501254162302034561620134515426033650124
0123456436021554160322534160605234112456033601524
0123456465031250162432345601620153414320653564120
0123456461502354321602064531630124515463023250614
0123456450632164510321264503301264523451605630214
0123456436102565041321235604564231020165433450261
0123456435602164015321234605561234020451633560214
0123456435260164012351634520501634225401633265014
0123456405631262105431342605560123424351603564021
0123456406521365103421342605260153434561205234061
0123456405613264320151504623261534032405615361204
0123456450623162310451045623561230434501622364510
0123456406123565301421245603560231434165202354061
0123456435601260125431240365563120434651202504631
0123456435602160123452541630360521414305625264103
0123456450163264520132634501301624512453605360124
0123456405631264102352564103320564113425605631024
0123456430621565140322035164564230112605433451620
0123456405162364320152604531531624015403623265104
0123456451620360543122301564164203532651405430621
0123456451063260312452645103520631434520611364520
0123456456012360123452345601560123434560121234560
0123456405163264302152614503520634135421601365024
0123456430612565120432045361563120434605121254630
0123456406521362013455340621165203434165022534160
0123456456103264325105014623260534132461051350264
0123456430561264120355634120205634112405633561204
0123456436501260123455240631365120414365202504163
0123456401623564501235234601360154215423602365014
0123456456103264025135234601361524010463252350164
0123456431560262013455642130305621424305611564023
0123456436102560543125210634364250125361401405263
0123456534601216523402015634340126562345014560123
0123456560132414625302540163301624563540124235601
0123456564103210625432530164341620562543104305621
0123456546103210542632630145321560465423104306521
0123456546130210562432304165621503445326103640521
0123456560134214520632365104601423542365103540621
0123456560231414560232315640604123542305613564102
0123456534160216502342034165621534045620133406521
0123456536120414065322534160601234542506133645021
0123456564201310365242514630630124542503613465102
0123456546210315063242341560605423132106454635012
0123456564120310563422305164641203532645104530621
0123456540162316523402340165601523435640124236501
0123456540613216520434231605304526165143202360514
0123456536201410543624615230320164564305212546103
0123456546210310563424301265624503135146202630514
0123456560123412345604560123601234534560122345601
0123456560124312503644365120641203530465122534601
0123456540261316503424315260624103530645212536104
0123456540621316305424512630234106560543213265104
0123456546031212560434312560604123525346013605124
0123456530162416540324235160601234524605133546201
0123456530164214625306530124201436542560133645201
0123456540613215320646041523265430132106454365210
0123456564021310563426312504240163535640214235160
0123456560132414560326245103301264523645104530261
0123456534601210523646214530360124545306212465103
0123456560231414560326015243324160543605212534160
0123456560123414560236234105301564245623102340561
0123456540621336510424235601104236563145202560134
0123456561203430645124531260120634564501232345601
0123456501634236520144201635143526065401232364501
0123456564023130561246214305130564245620132431560
0123456501264334605126531204120436543561202645031
0123456561032434560126241530103264525641034305261
0123456561203434562106041325130564225641034230561
0123456540631232510646042531163420525106434365120
0123456541062335640126231540105236423461054605231
0123456504623136501422315604140236562345104561023
0123456541603236542102031645120536465421034360521
0123456541630236025142541630103426562501434365021
0123456560123435640124312560205634164301251245603
0123456540613236125404530621204136562540131365204
0123456560123434560126012345234560145601231234560
0123456501623434510626302145264531045306211264503
0123456504613235120646304521265134042306151465203
0123456504612332105646534201260134543526101465032
0123456560123434605121542360231604560541234235601
0123456564120335601421032564245631063140254205631
0123456504621336105421532604240136563541204265031
0123456540613236520141345620201436562305414561203
0123456540623136510421342605201536465341204260513
0123456546103230521641645320230461562105434536201
0123456501623434501626342501260134515346204265013
0123456540621335140626032541265130413406254265130
0123456540632132105646541230263401510526434365102
0123456546103232561401042365630521425146034630521
0123456560213434562101340625601534225340614261503
0123456564102330561421235604640231523145604560231
0123456564031232165401502634643120520541634365021
0123456546120335061421234560605231443106252645031
0123456540263136510421034265621530445601232346510
0123456504163236520141204365631524045601232436501
0123456506213434560121304265621534045306212641503
0123456564021335160241234560605134243621052405631
0123456564120332065141534620601234543501622465031
0123456564023132510641364520601234545361022405613
0123456560214334560121035264621430543605212541630
0123456560231434105621564230623104540561232345601
0123456560134234521601260534603421545160232345601
0123456560123434501621265340634201540165232534601
0123456560123434560121234560601234545601232345601
0123456560123434561201230645604531245120632364501
0123456546013235162402304561625130440326151645023
0123456564103230562142314605620534145321601460523
0123456564013230125642564301630124542560131435620
0123456561023434510622365140604231542365011504623
0123456506123434065122540361631204512546034635120
0123456540163236520142045361631420512605434536120
0123456546103230562142340561621430515326404605123
0123456546203130165242541360630421512506434635102
0123456546023135160422341560605231412346054605123
0123456564023130165422531604640231512540634365120
0123456560231434165202540631603124512540634365102
0123456560123434560122345601601234512345604560123
0123456561203434561202045361630124512645034530612
0123456541063236521404205361634120510645232536014
0123456546201330165424530261624130513546202605134
0123456561203430541624365201620134514365202540613
0123456560124332560144035621641230513405622564130
0123456541062336510424235160604231523645011506234
0123456546013232165404502361634120520546131635024
0123456560213435142604360521605134224360151245603
0123456560134232560144012635643520125401631364520
0123456530614246523101240635301526465340212461503
0123456536204140513621640235321560465341202406513
0123456560134245621301240563305621463140252435601
0123456560123445601231234560345601260123452345601
0123456536120440561231204365643501235126402640531
0123456564203140315621560243621430534561202305614
0123456534620146015321532640201436564501233265014
0123456536102440561321234560640231525106433645201
0123456560231445102631364520645103220361453245601
0123456560134242560131342605601523425341603460521
0123456561203440615232534160340621562503411345602
0123456530162446520132014365643520135601421246530
0123456560123445360122014563645230132601451345620
0123456560214345163202340561605123432640151435602
0123456561023440315622564103640231532560411345620
0123456561034245620132341560105623462341053405621
0123456534601246512302035641120436564125033560124
0123456506231445160232304561645123012306453645102
0123456561032440521632364501640123515360423245610
0123456564130240562132305641621403514325603560124
0123456561204340563126341205120563435641202430561
0123456501634245021636340521265103412346053465210
0123456564120345063126312540205463134601251235064
0123456530624145103626241530365201410346252465103
0123456560123442560136034521341260515603422345160
0123456564023145160236231540305461214623052305164
0123456531604242513606042135360521425346011460523
0123456530162445603126214530345206120361451645203
0123456534601260125431560324243160532541604605231
0123456534160260521431605324243601532145604560231
0123456546103260325141540623261430532561404305261
0123456546120360543121302645261503435461204230561
0123456540163265321401640523205631432140654365201
0123456540621365103421342560265103430641254235601
0123456540612362543101360245201563435420614631502
0123456540612362503141345260261403530625414531602
0123456530624164510321032564261430545601233245610
0123456536104264521301035624260431542165033540261
0123456536120464501321032645264531045160233204561
0123456534601260125341534620260134542501633465201
0123456540632162510431364205201563445321603640512
0123456540631265120431364520205163442301653645201
0123456530612464503121245630361204520345614561203
0123456534602160513421260534341260525341604605213
0123456504163262501431632504340621525143604365021
0123456540613262540131032645361520425403614361520
0123456536014264523101205634361420540365212541063
0123456534620160513241204635361504245321602460513
0123456546103260521431234605360521445163202340561
0123456504631265120341204563365124043601252435601
0123456501623464305122541603160234532541604365021
0123456530261464510232645301103624532145604560132
0123456541063265342102601543125630430421654365021
0123456541620365043122361540105263432401654635021
0123456546201360513242345601160423532165404530162
0123456541602360523142341560160423535601424235601
0123456534061260512342634501120634545120633465120
0123456530621464510322035641164230542105633564120
0123456546032160521432314605160523445360123241560
0123456540621365310422064531135260442103653645120
0123456504261365310242604531135624042103653465102
0123456506234164501232315604160423542365103541062
0123456501634264502132361504120463545321603645021
0123456501632464520132301645164523045301623264501
0123456534620165103422061534345261012340654605123
0123456530162464523102640531301624515340624265103
0123456540263165140232631540305621412403654365102
0123456546032160125342541603360421513560424235160
0123456534160265023142614530305624142301651465023
0123456536102464523102014635360524145361021240563
0123456540613265120432034561365120442603151345620
0123456506213464105232534601360124542563101345062
0123456540621362513404360521104263535140622635104
0123456501623465340124201563165234034601252345601
0123456531620462045134561320103264534501622645031
0123456541630260521434305621264103512345603560214
0123456536021460145324532601260134514560233245160
0123456531602462541304035261260134514625033540612
0123456536120460543124205631361204514365202540163
0123456530621465143204260531305164214320652645103
0123456540623162105434531620364201510543622365104
0123456541603260521434230561364120515643202305614
0123456501623465041234230561365104214623052345610
0123456506123462045134530621361204514563022345160
0123456654102316023452365104541623030546124230561
0123456645201310643252315640560123432405614536102
0123456640123515360422645103501236432645104350621
0123456645031210625432314605560123442350613546120
0123456635104214062352635104521436040625133540621
0123456645120310365422604135531206442653103540621
0123456640231515602434315620564103220345613256104
0123456635012410645324231605560234124150633546210
0123456650123416340254265103501634234526102340561
0123456630514214620355031624265430142105633546210
0123456640531212640355012643365120423405614536120
0123456654103212065435632104341526020643154350621
0123456630521414603255214630365104240325612546103
0123456640123512560435634120301256445603122345601
0123456645201330612454530621164530223145605206134
0123456601532435640124201635163254024501635346201
0123456641203530562145641320130456225601434235601
0123456651023434560122631540104236542651035304621
0123456650234134561202610534103426542650135341602
0123456605231434610252504631163524042105635346102
0123456640521332610455034621165230443105622546130
0123456640231536510425064231123650445106232345160
0123456601234534560125601234123456045601232345601
0123456654021330615245234601160534243120652456130
0123456650123436540124362501201634514356205240163
0123456641023530561425642301230156415640234235610
0123456641503230621455340621265130412345604506213
0123456640123536540125062341231650415406234235160
0123456654021330165425632104240536113640254251630
0123456654013236520141364520201634542356015401263
0123456650124334560121632504201436543651205240631
0123456645103230621451534620260531442105635346201
0123456640512332160455634201205136443625101540632
0123456654103230625145314620260534142301651456203
0123456640132535601421245630563201420145634356201
0123456645031232160451642530503126425641034305621
0123456645102330645121230645561230423451604506231
0123456645103232065141642305531426020651434530621
0123456645023132615401304625561230440351622546013
0123456645201330165421634205520136443651202540631
0123456645130236021451264530503621445106232345061
0123456605124334601251235604560431243125602546031
0123456651230434601252045631563124012540634306512
0123456645203136145202061345530621412456034530162
0123456640123535640122035641561230412405634356120
0123456640231535160242645130503426112605434351602
0123456645013230162452634501520136445620131345620
0123456650134234620152015634563420142501631346520
0123456605134234062152610534523406145621031345620
0123456605123434065122610345534206142651031534620
0123456605213434160252605341534126042605131534602
0123456605123434605122314605560234142351601546023
0123456641203535061424635201524136010645232350614
0123456645021332160454635120504236113645022501634
0123456651023430641254235601560134214520632346510
0123456605123432640154305621561234014305622546103
0123456654013242560131632540301426524653015301624
0123456605134242601351542603360521423145605436021
0123456635201440162351634520540136225601433245601
0123456650124342603151345620561203430541622436501
0123456604213545360121605243521436034605212351604
0123456605123446301251264503540631235126402345061
0123456605123442360151604523541236035601422345601
0123456651203440561232634501340126512653405340612
0123456635104240623152540631361520412345605406123
0123456635021440165322634105540236112650433541620
0123456605231446105232364105540623112356403541062
0123456601234545601232345601560123412345603456012
0123456604132545620132305641561423014305623256104
0123456601524345603122341605160253432541605436021
0123456654102340623152315640560423134501621236504
0123456630214545160232645301503126432645101450632
0123456631024542560135641320103256435641022405631
0123456631502442061355634201245136010625433540612
0123456630521454160321632540204136545601233254601
0123456605134254620131305624261453042301653546201
0123456634510256023141264530301624545306212451063
0123456635024154613201205634361450240321652546013
0123456640123552601431534620365201440153622346501
0123456605231454160321605243324156043601252534601
0123456645021350613422345601160253432140654536120
0123456641503250362142641503120436535621404350621
0123456634502156123402061534340621515346024250163
0123456635120454603122045631361254012340654506123
0123456641203550641232530641365120412453604306512
0123456645031250162342645103320456113620454531620
0123456645201356013424365201124653030146252530164
0123456640523152361404610523104236535640122351604
0123456645031256120434365120204653112346053501264
0123456641520350361424602531234106515643203250614
0123456635102450643124215630360254124301651546203
0123456640513252160434632501304126525643101350624
0123456601234556012344560123345601223456011234560

